# residue CA_C_N_angle C_N_CA_angle CA_N_length CA_C_length peptide_bond psi_im1 omega phi CA_N_length CA_C_length N_CA_C_angle
Y 116.642992978143 121.382215820277 1.46 1.52 1.33 140 180.0 -120 1.46 1.52 110.9288
H 119.38730447601105 122.25850588533429 1.4533473 1.5027817 1.355645 -44.56422896478676 175.93239721010153 -62.2814946345939 1.4533473 1.5027817 112.03753664543099
L 117.45718314832939 123.42344305984477 1.4362979 1.4946686 1.3487848 -32.05505144348035 179.02633145960766 -64.44159244379705 1.4362979 1.4946686 108.36158004617276
K 116.70870507439771 122.7095284345516 1.4251577 1.4939837 1.3418785 -31.601229842024008 -170.91064521086295 -78.9369646808581 1.4251577 1.4939837 105.22214920795564
E 116.87995786808763 124.2739804283034 1.4387343 1.4969803 1.3525045 -39.23519718561224 174.03287085587996 -54.659538441971854 1.4387343 1.4969803 110.196246335692
L 117.11083067145137 122.56255315710638 1.4312669 1.4890268 1.3509564 -41.842895946467095 -177.27941978578176 -67.67698126048158 1.4312669 1.4890268 108.73203769605907
R 116.909911596358 123.85118374495494 1.432054 1.5042095 1.344096 -42.654147997028176 -175.8941710318013 -64.0207611830576 1.432054 1.5042095 109.06314883760854
E 118.19024087677212 122.00042936199985 1.4344674 1.4972203 1.3462143 -35.86631554457929 179.08155506682172 -70.10240195275617 1.4344674 1.4972203 109.56450178143525
Q 117.16511384942537 122.80360531482764 1.4344248 1.4914935 1.3497485 -39.18217157036993 -178.08496346352342 -66.01121134472154 1.4344248 1.4914935 109.79797373149094
L 115.59708673112107 124.92101349634892 1.4283315 1.486423 1.3490596 -36.63339878305487 177.41438179314648 -59.172337202962936 1.4283315 1.486423 104.96346830925575
A 117.56645690683835 123.94294371986602 1.4389093 1.4964027 1.3460834 -53.93014093922762 -176.48202840635216 -54.788306999569556 1.4389093 1.4964027 112.67464268997315
K 118.77138085463255 121.70407946124031 1.4387925 1.4963969 1.3463234 -42.98311064879843 179.1827185478731 -63.02459276431786 1.4387925 1.4963969 110.30935994513028
Q 116.72316258460422 121.71341675738682 1.4306935 1.4929112 1.3395553 -41.49531981394973 -174.77070800689177 -70.30314251268544 1.4306935 1.4929112 106.38730207178975
T 118.30838152300957 120.94650837976896 1.4216197 1.4860189 1.3495696 -38.62530838598193 -170.33591337013402 -73.5374120266328 1.4216197 1.4860189 109.72843887135777
V 118.93206840547352 122.1759960912449 1.4332594 1.4977726 1.349972 -31.507155033945835 179.71075207485887 -70.75807169260749 1.4332594 1.4977726 107.74907815832624
A 117.26381921364685 119.94847469126633 1.4306943 1.4838973 1.3444046 -32.988834927970935 -169.4915101204418 -76.21338382367516 1.4306943 1.4838973 107.2666740623805
I 116.75738584007632 120.73664765261465 1.423966 1.494026 1.3492392 -33.40709657344458 -172.7157037620722 -107.83779089458011 1.423966 1.494026 108.89894467076988
A 119.87181267427628 122.48309272786325 1.4442211 1.4816666 1.3541886 7.403370388503736 -174.2101738671351 -61.09295523140704 1.4442211 1.4816666 110.5743488809977
E 115.80287510923515 123.60088048377348 1.4323514 1.5020583 1.342448 -37.47013975257197 -178.4117103074365 -68.42986116197937 1.4323514 1.5020583 109.9807899536321
L 117.74263561891222 121.97697349109765 1.4274862 1.4890975 1.3405318 -19.61206020233839 -166.5197032177082 -99.98613731521681 1.4274862 1.4890975 102.99905996666192
T 117.11075596551753 121.3826473606428 1.4173007 1.5005417 1.3467593 -55.50121885480385 -168.96150718331563 -94.57123102229198 1.4173007 1.5005417 105.82542838414581
E 116.84682614041424 124.52007946374525 1.4363751 1.4927554 1.348145 90.66824831101933 170.97159289334422 -46.85538250599743 1.4363751 1.4927554 113.97136149048842
E 118.06942109983541 122.09792534559446 1.433998 1.4941745 1.3485694 -45.55173663627798 179.65121762409817 -59.53504955503159 1.433998 1.4941745 111.42131968583935
L 117.67529759936193 120.0402114476455 1.4290873 1.4818606 1.33694 -31.38737525259397 -167.04441160813695 -87.62008221116413 1.4290873 1.4818606 104.58684928157294
Q 117.55689226115378 123.88166724892174 1.4367353 1.4892744 1.3530623 -37.89952780156187 173.42153383956386 -52.231701805577046 1.4367353 1.4892744 108.00140120836058
S 117.96974257640568 121.65155474923492 1.4281816 1.5117152 1.3476421 -49.10076132176855 -176.9470819045494 -66.2294381023671 1.4281816 1.5117152 110.99511439127225
K 118.99483541385239 120.94340797089602 1.4383041 1.4949336 1.3471464 -31.311488118283204 177.1562620363752 -75.13812710444901 1.4383041 1.4949336 111.37115049477241
C 117.8554774605435 123.21778793504765 1.4313618 1.4932408 1.3454146 -30.217620865065737 -171.09930462554368 -75.06703311571302 1.4313618 1.4932408 106.03243608694193
I 117.14731885935264 120.76863569816645 1.433299 1.5076345 1.3504755 -42.464791029495856 178.50772141759546 -68.12178790096773 1.433299 1.5076345 108.33652396873327
Q 118.59413949345233 122.20726010515895 1.4332473 1.504226 1.3477005 -32.88546675066199 -176.73023466949314 -67.1762850343023 1.4332473 1.504226 109.6483706480844
L 117.29665129757475 123.65274057866273 1.438437 1.4973662 1.348742 -33.31322011389832 174.7405885569144 -61.064285610957384 1.438437 1.4973662 107.98761039410027
N 117.62654140399675 123.04464169952062 1.4422632 1.4988351 1.3466314 -45.19724908485771 -170.06049464851853 -71.09368105710965 1.4422632 1.4988351 108.61279332534201
