# residue CA_C_N_angle C_N_CA_angle CA_N_length CA_C_length peptide_bond psi_im1 omega phi CA_N_length CA_C_length N_CA_C_angle
Q 116.642992978143 121.382215820277 1.46 1.52 1.33 140 180.0 -120 1.46 1.52 111.0849
S 116.41192117174789 121.96178086797944 1.4651885 1.5319256 1.3353423 162.65837417140386 173.68134789318825 -58.603832737961376 1.4651885 1.5319256 111.2527660138077
W 116.49902753990142 122.86254547819951 1.460667 1.5353285 1.3351367 146.73140600456404 177.3292148358534 -55.78050682816882 1.460667 1.5353285 112.09338036557587
E 117.5131358756378 124.44470095445851 1.4697324 1.534273 1.3341187 -45.60013798339738 177.10086892388796 -56.45548304290878 1.4697324 1.534273 112.12225334628711
A 118.06484982927958 121.96130531352134 1.4628954 1.5356102 1.3402634 -46.31458247396813 177.123376977459 -62.04919441240047 1.4628954 1.5356102 112.0937125865221
A 118.47168816807117 122.5199442222529 1.4653554 1.5349171 1.3402694 -40.82611524026845 175.68862268667775 -63.97260047634304 1.4653554 1.5349171 112.30314903579762
L 118.20590109865742 121.99216076396202 1.4615694 1.5327322 1.3353225 -39.45278320464235 175.19354476757096 -63.52253464647346 1.4615694 1.5327322 111.56816344399633
V 118.11571397776062 123.23680533845896 1.4726735 1.5299721 1.3369503 -46.6429314665779 178.4199103943071 -62.353495622955876 1.4726735 1.5299721 111.25568551798175
E 117.82923024381853 124.00560452226252 1.4680622 1.5337784 1.3350662 -47.4908248318071 179.56822261641662 -58.15418449528443 1.4680622 1.5337784 112.37621088520426
