# residue CA_C_N_angle C_N_CA_angle CA_N_length CA_C_length peptide_bond psi_im1 omega phi CA_N_length CA_C_length N_CA_C_angle
P 116.642992978143 121.382215820277 1.46 1.52 1.33 140 180.0 -120 1.46 1.52 112.7499
E 117.49683232439351 127.4028457424967 1.4644723 1.5312546 1.331523 -38.27424815733828 176.61398983335818 -62.25874339478799 1.4644723 1.5312546 112.18056109254135
A 117.80195820551305 124.09605592104494 1.4601681 1.5383173 1.3352027 -53.01412890441839 178.8385827266504 -61.161216932896345 1.4601681 1.5383173 111.66549164568691
R 118.07784448117033 122.81141114332841 1.4751625 1.5312316 1.3402933 -40.93613303252419 174.9359914522841 -59.86575555359361 1.4751625 1.5312316 113.66203444097737
R 119.60915263270107 122.042397742409 1.4801728 1.5281112 1.3426551 -28.930417144241215 172.58293651277626 -66.30970694460474 1.4801728 1.5281112 111.66014563501223
W 118.36957476858248 123.18817556232786 1.466033 1.5239469 1.3317429 -38.351032006169184 174.5240739812434 -67.6357573042358 1.466033 1.5239469 111.91722753111469
Q 118.1327207616786 123.06189644233129 1.4657847 1.5346938 1.3341367 -43.79143673491316 174.8809738663041 -58.94400227221377 1.4657847 1.5346938 111.49393865387952
K 118.06595442051517 122.98311480013706 1.4701736 1.5314679 1.3417337 -43.58196837730259 174.8328666941475 -59.51804855580164 1.4701736 1.5314679 111.52981327458384
R 118.10408794488731 123.31203251086754 1.4754349 1.5294312 1.3390298 -50.03917287576529 176.70174947354127 -58.42633935019022 1.4754349 1.5294312 111.91114770921583
A 118.06550336425138 122.90176155500606 1.4578927 1.5370928 1.3307359 -40.341864764573714 177.64633114906053 -65.96532794940214 1.4578927 1.5370928 112.0658401587587
R 118.60962509092668 123.0815267955249 1.4746051 1.5288013 1.3419648 -40.2810242066362 173.38819429095088 -62.1602666951652 1.4746051 1.5288013 111.96402744986175
E 118.07568909681851 123.16106869534866 1.4701053 1.5365599 1.3323506 -42.471179878433 175.95333687509498 -63.26406449937997 1.4701053 1.5365599 111.7751670674037
L 117.99782456915142 122.91129656980856 1.4652156 1.5293195 1.3381257 -44.098566375774304 175.3944199938733 -62.66289625596464 1.4652156 1.5293195 112.14025769119122
L 118.04696292381179 123.22655102789392 1.4601433 1.5328466 1.3352817 -43.14789489791562 177.35559829619493 -62.223391994573106 1.4601433 1.5328466 111.22355905097002
A 118.13482373714328 122.62716713997257 1.460965 1.5382625 1.335363 -46.26025332364201 177.24768609536164 -58.832926034744844 1.460965 1.5382625 111.70090504563414
R 117.72952718424855 123.23170210238295 1.471514 1.5314547 1.3393509 -46.52373696248876 177.2086699629322 -63.148422059725064 1.471514 1.5314547 112.17475133789983
A 117.95937333766767 122.96263748513151 1.4611048 1.5393443 1.3330072 -40.42884523920068 176.06363821872728 -64.0041826732309 1.4611048 1.5393443 111.87237840371438
M 118.33195435981013 123.62573193201308 1.471139 1.5346494 1.3385752 -44.388350468950485 176.01147007095798 -63.30442052726329 1.471139 1.5346494 112.79911694692893
Q 117.72142010635973 124.47555178600832 1.4652163 1.5389597 1.3333197 -28.698270443749266 175.09500654043237 -83.11280626289182 1.4652163 1.5389597 113.609514701913
